{"producer":{"name":"Blender","version":"2.78 (sub 0)","exporter_version":"5.6.4","file":"flarobo.babylon"},
"autoClear":true,"clearColor":[0.0509,0.0509,0.0509],"ambientColor":[0,0,0],"gravity":[0,-9.81,0],
"materials":[{"name":"flarobo.Material","id":"flarobo.Material","ambient":[0.8,0.8,0.8],"diffuse":[0.64,0.64,0.64],"specular":[0.5,0.5,0.5],"emissive":[0,0,0],"specularPower":50,"alpha":1,"backFaceCulling":true,"checkReadyOnlyOnce":false,"maxSimultaneousLights":4},
{"name":"flarobo.Material.001","id":"flarobo.Material.001","ambient":[0.2396,0.0133,0.0158],"diffuse":[0.1916,0.0106,0.0127],"specular":[0.5,0.5,0.5],"emissive":[0,0,0],"specularPower":50,"alpha":1,"backFaceCulling":true,"checkReadyOnlyOnce":false,"maxSimultaneousLights":4},
{"name":"flarobo.Material.002","id":"flarobo.Material.002","ambient":[0.1193,0.1193,0.1193],"diffuse":[0.0954,0.0954,0.0954],"specular":[0.5,0.5,0.5],"emissive":[0,0,0],"specularPower":50,"alpha":1,"backFaceCulling":true,"checkReadyOnlyOnce":false,"maxSimultaneousLights":4},
{"name":"flarobo.Material.004","id":"flarobo.Material.004","ambient":[0.6146,0.2498,0.4003],"diffuse":[0.4917,0.1998,0.3202],"specular":[0.5,0.5,0.5],"emissive":[0,0,0],"specularPower":50,"alpha":1,"backFaceCulling":true,"checkReadyOnlyOnce":false,"maxSimultaneousLights":4},
{"name":"flarobo.Material.003","id":"flarobo.Material.003","ambient":[0.0832,0.0785,0.0835],"diffuse":[0.0666,0.0628,0.0668],"specular":[0.5,0.5,0.5],"emissive":[0,0,0],"specularPower":50,"alpha":1,"backFaceCulling":true,"checkReadyOnlyOnce":false,"maxSimultaneousLights":4},
{"name":"flarobo.Material.005","id":"flarobo.Material.005","ambient":[0.8,0.1074,0.1301],"diffuse":[0.64,0.0859,0.104],"specular":[0.5,0.5,0.5],"emissive":[0,0,0],"specularPower":50,"alpha":1,"backFaceCulling":true,"checkReadyOnlyOnce":false,"maxSimultaneousLights":4},
{"name":"flarobo.Material.006","id":"flarobo.Material.006","ambient":[0,0,0],"diffuse":[0,0,0],"specular":[0.5,0.5,0.5],"emissive":[0,0,0],"specularPower":50,"alpha":1,"backFaceCulling":true,"checkReadyOnlyOnce":false,"maxSimultaneousLights":4},
{"name":"flarobo.Material.007","id":"flarobo.Material.007","ambient":[0.8,0.3068,0.0328],"diffuse":[0.64,0.2454,0.0263],"specular":[0.5,0.5,0.5],"emissive":[0,0,0],"specularPower":50,"alpha":1,"backFaceCulling":true,"checkReadyOnlyOnce":false,"maxSimultaneousLights":4},
{"name":"flarobo.Material.008","id":"flarobo.Material.008","ambient":[0.8,0.4073,0.3475],"diffuse":[0.64,0.3258,0.278],"specular":[0.5,0.5,0.5],"emissive":[0,0,0],"specularPower":50,"alpha":1,"backFaceCulling":true,"checkReadyOnlyOnce":false,"maxSimultaneousLights":4},
{"name":"flarobo.Material.009","id":"flarobo.Material.009","ambient":[1,0.4006,0.4354],"diffuse":[0.8,0.3204,0.3483],"specular":[0.5,0.5,0.5],"emissive":[0,0,0],"specularPower":50,"alpha":1,"backFaceCulling":true,"checkReadyOnlyOnce":false,"maxSimultaneousLights":4}],
"multiMaterials":[{"name":"flarobo.Multimaterial#0","id":"flarobo.Multimaterial#0","materials":["flarobo.Material.001","flarobo.Material.002","flarobo.Material.004","flarobo.Material.003","flarobo.Material.005","flarobo.Material.006","flarobo.Material.007","flarobo.Material.008","flarobo.Material.009"]}],
"skeletons":[{"name":"Armature","id":0,"dimensionsAtRest":[9.1746,9.9845,1.911],"bones":[
{"name":"huefte","index":0,"matrix":[1,0,0,0,0,1,0,0,0,0,-1,0,0,3.4558,-0.3931,1],"rest":[1,0,0,0,0,1,0,0,0,0,-1,0,0,3.4558,-0.3931,1],"parentBoneIndex":-1,"length":1},
{"name":"spine1","index":1,"matrix":[0.9985,0.0091,0.0538,0,0.0082,0.9493,-0.3141,0,-0.0539,0.3141,0.9479,0,0,1,0,1],"rest":[0.9985,0.0091,0.0538,0,0.0082,0.9493,-0.3141,0,-0.0539,0.3141,0.9479,0,0,1,0,1],"parentBoneIndex":0,"length":1.371},
{"name":"Bone.002","index":2,"matrix":[1,-0.0092,0.0038,0,0.0083,0.9799,0.1992,0,-0.0056,-0.1992,0.9799,0,0,1.371,0,1],"rest":[1,-0.0092,0.0038,0,0.0083,0.9799,0.1992,0,-0.0056,-0.1992,0.9799,0,0,1.371,0,1],"parentBoneIndex":1,"length":2.2694},
{"name":"Bone.003","index":3,"matrix":[0.4651,0.1184,-0.8773,0,-0.0059,0.9914,0.1307,0,0.8852,-0.0556,0.4618,0,0,2.2694,0,1],"rest":[0.4651,0.1184,-0.8773,0,-0.0059,0.9914,0.1307,0,0.8852,-0.0556,0.4618,0,0,2.2694,0,1],"parentBoneIndex":2,"length":0.8336},
{"name":"Bone.004","index":4,"matrix":[-0.1642,0.1568,-0.9739,0,-0.234,0.9529,0.1929,0,0.9583,0.2595,-0.1197,0,0,0.8336,0,1],"rest":[-0.1642,0.1568,-0.9739,0,-0.234,0.9529,0.1929,0,0.9583,0.2595,-0.1197,0,0,0.8336,0,1],"parentBoneIndex":3,"length":1.2902},
{"name":"Bone","index":5,"matrix":[-0.1122,-0.9196,0.3766,0,0.9804,-0.1642,-0.1087,0,-0.1618,-0.357,-0.92,0,0.6585,8.0139,0.3196,1],"rest":[-0.1122,-0.9196,0.3766,0,0.9804,-0.1642,-0.1087,0,-0.1618,-0.357,-0.92,0,0.6585,8.0139,0.3196,1],"parentBoneIndex":-1,"length":1.2194},
{"name":"Bone.001","index":6,"matrix":[-0.5816,-0.8134,-0.0012,0,0.8134,-0.5815,-0.016,0,-0.0124,0.0103,-0.9999,0,2.2252,7.699,0.1478,1],"rest":[-0.5816,-0.8134,-0.0012,0,0.8134,-0.5815,-0.016,0,-0.0124,0.0103,-0.9999,0,2.2252,7.699,0.1478,1],"parentBoneIndex":-1,"length":1.1349},
{"name":"Bone.005","index":7,"matrix":[-0.8187,-0.5743,0,0,0.5743,-0.8187,0,0,0,0,-1,0,3.2281,6.9668,0.1111,1],"rest":[-0.8187,-0.5743,0,0,0.5743,-0.8187,0,0,0,0,-1,0,3.2281,6.9668,0.1111,1],"parentBoneIndex":-1,"length":1.2741},
{"name":"Bone.006","index":8,"matrix":[-0.8995,-0.4369,0,0,0.4369,-0.8995,0,0,0,0,-1,0,4.0802,5.7564,0.1312,1],"rest":[-0.8995,-0.4369,0,0,0.4369,-0.8995,0,0,0,0,-1,0,4.0802,5.7564,0.1312,1],"parentBoneIndex":-1,"length":1.0569},
{"name":"oben.L","index":9,"matrix":[-0.9873,-0.1452,0.0637,0,0.1418,-0.9883,-0.0561,0,-0.0711,0.0464,-0.9964,0,0.6236,3.5499,-0.1829,1],"rest":[-0.9873,-0.1452,0.0637,0,0.1418,-0.9883,-0.0561,0,-0.0711,0.0464,-0.9964,0,0.6236,3.5499,-0.1829,1],"parentBoneIndex":-1,"length":1.0857},
{"name":"Bone.008","index":10,"matrix":[-0.9834,0.0738,-0.166,0,0.137,0.9013,-0.4109,0,0.1193,-0.4269,-0.8964,0,0,1.0857,0,1],"rest":[-0.9834,0.0738,-0.166,0,0.137,0.9013,-0.4109,0,0.1193,-0.4269,-0.8964,0,0,1.0857,0,1],"parentBoneIndex":9,"length":1.3583},
{"name":"Bone.009","index":11,"matrix":[-0.9897,-0.0451,0.1355,0,-0.1394,0.5122,-0.8475,0,-0.0312,-0.8577,-0.5132,0,0,1.3583,0,1],"rest":[-0.9897,-0.0451,0.1355,0,-0.1394,0.5122,-0.8475,0,-0.0312,-0.8577,-0.5132,0,0,1.3583,0,1],"parentBoneIndex":10,"length":1.32},
{"name":"Bone.010","index":12,"matrix":[0.9989,0.0457,0.0032,0,-0.0336,0.6832,0.7294,0,0.0312,-0.7288,0.6841,0,0,1.32,0,1],"rest":[0.9989,0.0458,0.0032,0,-0.0336,0.6832,0.7294,0,0.0312,-0.7288,0.6841,0,0,1.32,0,1],"parentBoneIndex":11,"length":0.8473},
{"name":"Bone.014","index":13,"matrix":[0.9989,0.0457,0.0032,0,-0.0336,0.6832,0.7294,0,0.0312,-0.7288,0.6841,0,0,1.32,0,1],"rest":[0.9989,0.0458,0.0032,0,-0.0336,0.6832,0.7294,0,0.0312,-0.7288,0.6841,0,0,1.32,0,1],"parentBoneIndex":11,"length":0.8473},
{"name":"Bone.017","index":14,"matrix":[0.9989,0.0457,0.0032,0,-0.0336,0.6832,0.7294,0,0.0312,-0.7288,0.6841,0,1.6128,1.3687,-0.0149,1],"rest":[0.9989,0.0458,0.0032,0,-0.0336,0.6832,0.7294,0,0.0312,-0.7288,0.6841,0,1.6128,1.3687,-0.0149,1],"parentBoneIndex":11,"length":0.8473},
{"name":"oben.L.001","index":15,"matrix":[-0.9873,-0.1452,0.0637,0,0.1418,-0.9883,-0.0561,0,-0.0711,0.0464,-0.9964,0,0.6236,3.5499,-0.1829,1],"rest":[-0.9873,-0.1452,0.0637,0,0.1418,-0.9883,-0.0561,0,-0.0711,0.0464,-0.9964,0,0.6236,3.5499,-0.1829,1],"parentBoneIndex":-1,"length":1.0857},
{"name":"Bone.011","index":16,"matrix":[-0.9834,0.0738,-0.166,0,0.137,0.9013,-0.4109,0,0.1193,-0.4269,-0.8964,0,0,1.0857,0,1],"rest":[-0.9834,0.0738,-0.166,0,0.137,0.9013,-0.4109,0,0.1193,-0.4269,-0.8964,0,0,1.0857,0,1],"parentBoneIndex":15,"length":1.3583},
{"name":"Bone.012","index":17,"matrix":[-0.9897,-0.0451,0.1355,0,-0.1394,0.5122,-0.8475,0,-0.0312,-0.8577,-0.5132,0,0,1.3583,0,1],"rest":[-0.9897,-0.0451,0.1355,0,-0.1394,0.5122,-0.8475,0,-0.0312,-0.8577,-0.5132,0,0,1.3583,0,1],"parentBoneIndex":16,"length":1.32},
{"name":"Bone.013","index":18,"matrix":[0.9989,0.0457,0.0032,0,-0.0336,0.6832,0.7294,0,0.0312,-0.7288,0.6841,0,0,1.32,0,1],"rest":[0.9989,0.0458,0.0032,0,-0.0336,0.6832,0.7294,0,0.0312,-0.7288,0.6841,0,0,1.32,0,1],"parentBoneIndex":17,"length":0.8473},
{"name":"oben.R","index":19,"matrix":[-0.9818,0.1743,0.0754,0,-0.176,-0.9843,-0.0162,0,-0.0714,0.0292,-0.997,0,-0.6401,3.5734,-0.2258,1],"rest":[-0.9818,0.1743,0.0754,0,-0.176,-0.9843,-0.0162,0,-0.0714,0.0292,-0.997,0,-0.6401,3.5734,-0.2258,1],"parentBoneIndex":-1,"length":1.1141},
{"name":"Bone.007","index":20,"matrix":[-0.9568,-0.2376,-0.1675,0,-0.1556,0.9053,-0.3951,0,0.2455,-0.352,-0.9032,0,0,1.1141,0,1],"rest":[-0.9568,-0.2376,-0.1675,0,-0.1556,0.9053,-0.3951,0,0.2455,-0.352,-0.9032,0,0,1.1141,0,1],"parentBoneIndex":19,"length":1.3583},
{"name":"Bone.015","index":21,"matrix":[-0.9897,-0.0451,0.1355,0,-0.1394,0.5122,-0.8475,0,-0.0312,-0.8577,-0.5132,0,0,1.3583,0,1],"rest":[-0.9897,-0.0451,0.1355,0,-0.1394,0.5122,-0.8475,0,-0.0312,-0.8577,-0.5132,0,0,1.3583,0,1],"parentBoneIndex":20,"length":1.32},
{"name":"Bone.016","index":22,"matrix":[0.9989,0.0457,0.0032,0,-0.0336,0.6832,0.7294,0,0.0312,-0.7288,0.6841,0,0,1.32,0,1],"rest":[0.9989,0.0458,0.0032,0,-0.0336,0.6832,0.7294,0,0.0312,-0.7288,0.6841,0,0,1.32,0,1],"parentBoneIndex":21,"length":0.8473},
{"name":"Bone.018","index":23,"matrix":[-0.8187,-0.5743,0,0,0.5743,-0.8187,0,0,0,0,-1,0,3.2281,6.9668,0.1111,1],"rest":[-0.8187,-0.5743,0,0,0.5743,-0.8187,0,0,0,0,-1,0,3.2281,6.9668,0.1111,1],"parentBoneIndex":-1,"length":1.2741},
{"name":"Bone.019","index":24,"matrix":[-0.0951,0.0151,0.9954,0,-0.986,-0.1391,-0.0921,0,-0.1371,0.9902,-0.0281,0,-0.9515,8.1214,0.5192,1],"rest":[-0.0951,0.0151,0.9954,0,-0.986,-0.1391,-0.0921,0,-0.1371,0.9902,-0.0281,0,-0.9515,8.1214,0.5192,1],"parentBoneIndex":-1,"length":1.439},
{"name":"Bone.020","index":25,"matrix":[-0.6707,0.7406,0.0415,0,-0.7416,-0.6707,-0.0152,0,-0.0166,0.041,-0.999,0,-2.5087,7.6435,0.3474,1],"rest":[-0.6707,0.7406,0.0415,0,-0.7416,-0.6707,-0.0152,0,-0.0166,0.041,-0.999,0,-2.5087,7.6435,0.3474,1],"parentBoneIndex":-1,"length":1.1981},
{"name":"Bone.022","index":26,"matrix":[-0.9371,0.3468,-0.0388,0,-0.349,-0.9325,0.0931,0,0.0039,-0.1007,-0.9949,0,-4.3091,5.5573,0.3308,1],"rest":[-0.9371,0.3468,-0.0388,0,-0.349,-0.9325,0.0931,0,0.0039,-0.1007,-0.9949,0,-4.3091,5.5573,0.3308,1],"parentBoneIndex":-1,"length":0.9273},
{"name":"Bone.023","index":27,"matrix":[-0.809,0.5878,0,0,-0.5878,-0.809,0,0,0,0,-1,0,-3.5854,6.6481,0.3107,1],"rest":[-0.809,0.5878,0,0,-0.5878,-0.809,0,0,0,0,-1,0,-3.5854,6.6481,0.3107,1],"parentBoneIndex":-1,"length":1.1414}]}],
"meshes":[{"name":"Cube","id":"Cube","materialId":"flarobo.Material","billboardMode":0,"position":[0,0,0],"rotation":[0,0,0],"scaling":[1,1,1],"isVisible":true,"freezeWorldMatrix":false,"isEnabled":true,"checkCollisions":false,"receiveShadows":false,"pickable":true,"tags":""
,"positions":[]
,"normals":[]
,"indices":[]
,"subMeshes":[{"materialIndex":0,"verticesStart":0,"verticesCount":0,"indexStart":0,"indexCount":0}]
,"instances":[]}
,{"name":"Plane","id":"Plane","materialId":"flarobo.Multimaterial#0","billboardMode":0,"position":[0,9.1248,0],"rotation":[-1.5708,0,0],"scaling":[0.0734,0.0734,0.0734],"isVisible":true,"freezeWorldMatrix":false,"isEnabled":true,"checkCollisions":false,"receiveShadows":false,"pickable":true,"tags":""
,"positions":[0.5222,8.238,1.3525,0,7.9432,0.7702,0.5353,7.8321,0.7735,1.013,7.9637,1.4911,0.9264,8.3503,2.0473,0.4848,8.6264,1.8854,0,8.3514,1.2997,1.4411,7.5941,1.6955,1.0669,7.5713,0.8475,1.5908,7.2333,1.0566,1.7662,7.2468,1.9666,1.5418,7.5627,2.2648,1.2816,7.9464,2.1891,6.7867,3.6028,-0.3528,6.9541,3.6292,-1.861,7.2514,3.3222,-2.0627,6.7764,4.0991,-3.2229
,7.0413,3.8528,-3.7524,7.4587,2.9103,-2.2141,7.0255,3.2141,-0.1724,0,8.694,2.5904,0.4324,8.614,2.629,0.8441,8.3676,2.6896,0.3637,8.3186,3.4454,0,8.3797,3.4764,1.214,7.9485,2.7171,1.572,7.4685,2.6195,1.122,7.6816,3.3116,0.7351,8.0982,3.381,1.9476,7.0393,2.3051,2.4789,6.5477,1.8979,2.549,6.3656,2.4138,1.9739,6.8173,2.7982,0.2769,7.8581,4.1965
,0.5684,7.6245,4.084,0.4246,7.2383,4.7929,0.2027,7.5315,4.9006,0,7.9338,4.2611,0.8889,7.2267,4.0049,1.2926,6.7866,3.8557,0.6848,6.8552,4.7577,0.1715,7.6378,5.576,0,7.6557,4.9725,0.3842,7.2312,5.5018,0.4423,7.4767,6.1587,0.1967,7.9403,6.1672,0,7.8445,5.639,0.6797,6.8386,5.5307,1.0186,6.3538,5.5875,0.7856,7.0848,6.2504,6.8425,1.8426,2.6537
,7.2234,0.7414,0.4379,6.9234,1.0157,2.9685,7.0112,-0.058,0.8128,6.8335,0.3161,3.2948,6.6741,1.3033,4.9768,6.2758,2.183,4.8979,1.8337,6.4264,3.5329,1.5323,7.2081,3.1474,2.5238,6.0374,3.2077,2.4991,5.6348,3.9368,1.7327,5.9365,4.2188,5.7012,4.1842,1.3217,4.3683,4.9873,1.6823,5.5361,4.3384,0.722,5.9627,3.8145,1.9016,4.4216,4.8818,2.5825,3.3744,5.511,3.051
,3.3599,5.7093,2.1441,4.5546,4.6288,3.7387,3.3861,5.2711,3.8662,5.5724,3.3921,4.1306,6.4327,2.9047,2.3218,7.2346,2.468,-0.0038,7.329,1.574,0.188,7.5491,2.2195,-2.3047,7.2162,3.4842,-4.2049,7.2871,2.8206,-4.581,7.3641,1.9786,-4.9328,7.5693,1.3756,-2.3632,7.5662,0.5043,-2.4182,7.557,1.0752,-5.3124,7.7211,-0.2421,-5.5993,7.4276,-0.3764,-2.2104,0.9144,7.5015,6.8433
,1.3074,7.1519,7.0281,1.0394,7.8344,7.3963,0.7367,8.1343,7.2513,0.5937,7.848,6.7117,4.7108,4.0071,7.838,3.8115,4.5623,7.4257,4.7071,3.683,7.3095,5.5404,3.1359,7.7552,5.3217,3.738,8.4028,4.5835,4.549,8.4162,3.8223,4.9079,7.9013,0.2921,8.2027,6.6183,0,8.19,6.1965,0.3814,8.3526,7.0908,0,8.4414,7.0067,0,8.3821,6.5811,3.0785,5.6916,7.781
,2.3539,5.9373,7.092,3.027,5.3349,7.3229,3.79,5.3277,8.3893,3.1074,6.0126,8.24,2.4296,6.3282,7.55,1.793,6.3059,6.8239,1.8258,6.7879,7.2814,1.8981,7.0722,7.7815,1.3923,7.4735,7.5612,4.4465,4.6611,8.9068,5.0787,4.0266,8.9842,4.8113,4.0674,9.2822,4.347,4.4783,9.316,3.6737,5.0198,9.2001,3.7264,5.2956,8.8012,1.5243,7.4745,8.1457,1.9837,7.1053,8.3281
,2.4915,6.5965,8.0201,2.5055,6.6395,8.5133,2.0358,6.9067,8.8832,1.6017,7.2361,8.7429,0.7695,8.1245,7.8678,1.1338,7.8288,7.9966,1.1659,7.5842,8.6159,0.7473,7.8987,8.511,3.0829,5.9957,8.6705,3.0572,5.7548,9.1089,2.5078,6.4586,9.0131,0,8.3891,7.6869,0.3889,8.318,7.746,0.3647,8.1275,8.437,0,8.2204,8.4078,0,7.9308,8.9554,0.3591,7.8099,9.0169
,0.7249,7.5364,9.1304,0.3619,7.3417,9.6162,0,7.4936,9.5114,1.5227,6.8397,9.3141,2.0073,6.4958,9.4087,2.535,6.0549,9.5033,1.9558,5.9315,9.9814,1.4049,6.3033,9.9251,3.0829,5.4036,9.5917,3.6741,4.7084,9.649,3.1213,4.9612,10.1183,2.5647,5.5022,10.045,1.104,7.1998,9.2255,1.0223,6.6715,9.8741,0.708,7.0222,9.7854,2.5745,4.8743,10.6995,3.1341,4.4464,10.6883
,3.6914,4.3544,10.1117,3.6893,3.9508,10.5522,3.1341,3.8707,11.2159,2.5782,4.2115,11.3089,0,6.8821,10.2576,0.3629,6.6993,10.3656,0.7024,6.3404,10.5349,0.3629,5.971,11.084,0,6.1668,10.9983,0.9951,5.995,10.6104,1.3657,5.645,10.6415,1.0096,5.2699,11.2685,0.706,5.5999,11.2158,1.9386,5.2726,10.6776,1.9531,4.5792,11.3166,1.3874,4.9425,11.2871,2.589,3.5544,11.7154
,3.1341,3.2457,11.6154,3.679,3.4703,10.9583,3.6717,2.8852,11.3182,2.873,2.5896,11.9615,2.3285,2.8217,12.054,0,5.4181,11.5381,0.3629,5.245,11.5899,0.7168,4.9097,11.6648,0.3326,4.3725,11.9809,0,4.4162,11.9831,1.053,4.5959,11.6822,1.4526,4.2732,11.6854,1.0039,3.8282,11.9935,0.6516,4.0281,12.0275,1.9965,3.9115,11.7176,1.8688,3.1965,12.0194,1.3583,3.4657,12.0091
,1.6691,-4.9191,9.3516,1.4125,-5.4621,8.7658,1.2232,-5.1136,9.4394,0.959,-5.6324,8.8611,0.793,-5.2756,9.5433,1.0449,-4.8458,10.0145,1.4629,-4.6664,9.9267,5.3179,1.3661,9.4336,5.8628,1.392,8.717,5.7466,0.9609,8.8715,5.2308,0.856,9.5923,4.7618,1.2735,10.1971,4.8036,1.8272,10.0303,5.4057,1.8411,9.2801,4.8518,-0.5955,10.0555,4.528,-0.5037,10.7493,4.6248,-0.0806,10.5887
,4.9509,-0.1308,9.869,5.2726,-0.4971,9.3309,5.1539,-1.0631,9.4962,4.7273,-1.1188,10.2192,5.5602,-0.8423,8.7536,5.4168,-1.4572,8.9234,5.804,-1.2201,8.103,5.6383,-1.838,8.2703,5.2172,-2.1225,9.0632,4.9982,-1.6935,9.6408,3.895,-2.8185,10.4621,3.4083,-2.5977,11.0495,3.8356,-2.1465,10.9543,4.223,-2.4052,10.3508,4.3507,-3.0262,9.8037,3.9901,-3.3807,9.9149,3.4671,-3.173,10.5381
,4.0586,-3.7417,9.2565,3.5597,-3.6333,9.9805,4.4642,-3.4065,9.1757,4.554,-3.6854,8.4671,4.1038,-4.0443,8.4987,3.6209,-3.9724,9.3132,2.3704,-5.5612,7.7599,1.8581,-5.2644,8.6834,2.3088,-5.0786,8.6154,2.8153,-5.3686,7.7022,2.821,-5.9666,6.7197,2.3932,-6.146,6.7855,1.9189,-5.7348,7.8221,3.2404,-5.1044,7.6494,2.7604,-4.8697,8.5677,3.2088,-4.6027,8.5462,3.6702,-4.7862,7.6252
,3.6738,-5.3695,6.6212,3.2404,-5.7112,6.6501,1.014,-6.1372,7.9575,1.4741,-5.9419,7.8881,1.9531,-6.3138,6.8459,1.4969,-6.5344,6.8995,4.1291,-4.4315,7.6533,3.6559,-4.315,8.5301,4.6102,-4.0016,7.6784,4.648,-4.4242,6.7187,4.1436,-4.9314,6.6776,6.3145,-2.3651,4.6641,6.1319,-2.2325,6.3181,6.2338,-1.6911,6.1613,6.3927,-1.8933,4.4587,6.361,-3.1488,2.676,6.2625,-3.6498,2.958
,6.2176,-2.8636,4.8614,0,-6.3301,8.0667,0.4847,-5.7364,8.9679,0.5164,-6.2753,8.0298,1.0197,-6.7516,6.9478,0.5164,-6.909,6.9922,3.2404,-6.3827,5.6015,3.6771,-6.0485,5.5409,3.6794,-6.8379,4.2428,3.2404,-7.1664,4.3654,2.8393,-6.619,5.6841,1.57,-7.221,5.8932,2.0627,-6.985,5.8332,2.1837,-7.8498,4.66,1.6506,-8.1089,4.7284,1.0379,-7.4373,5.9472,4.1568,-5.572,5.5287
,4.6827,-5.0218,5.497,4.7075,-5.7954,3.9528,4.1661,-6.3552,4.1082,0.5164,-7.5613,5.9999,0,-6.9728,7.0135,1.0581,-8.3238,4.7934,0.5164,-8.4158,4.8682,0,-8.4311,4.908,0,-7.6003,6.026,2.4662,-6.8021,5.7624,2.8594,-7.4067,4.4762,2.5469,-7.6251,4.5751,5.4586,3.3264,9.0306,5.8387,2.9562,8.4311,5.6072,2.6875,9.0788,5.0014,3.1492,9.5909,4.9591,3.6774,9.4816
,4.3118,3.3493,10.1994,4.3405,3.7276,9.9356,4.9485,2.744,9.7094,4.2707,2.9236,10.4571,4.2415,2.373,10.7242,3.4852,2.1895,11.734,4.862,2.343,9.8512,4.2733,1.7954,10.9242,4.725,0.759,10.302,5.0929,0.3551,9.726,5.6297,0.5041,9.0335,5.4515,0.0217,9.1817,4.6829,0.3016,10.4106,4.3319,4.1355,9.65,6.4012,-0.2476,6.8403,6.0983,-0.1792,7.7866,6.2612,0.1931,7.6187
,6.5693,0.1235,6.6772,6.4785,-0.7826,5.7754,6.2334,-0.6286,7.0234,6.0389,1.797,8.5914,5.5459,2.237,9.1619,6.0918,2.2828,8.4958,5.8165,-2.2655,7.4703,5.9542,-2.7698,6.4266,5.5359,-2.8593,7.5703,5.3934,-2.4848,8.4014,5.9943,-1.6841,7.3449,6.3624,1.3927,8.0325,6.3894,1.8752,7.9381,6.5651,1.475,7.2935,6.5633,0.9984,7.3895,6.1941,0.9697,8.1352,6.0545,-3.3814,5.0423
,5.6541,-3.3139,6.5231,6.1158,-4.1606,3.2583,5.7573,-3.9164,5.2126,6.052,0.5829,8.2811,6.4221,0.5537,7.4751,5.908,0.1787,8.4441,6.1077,2.4408,7.8171,5.7059,2.6008,6.9702,6.3082,1.9317,7.1188,5.734,-0.2967,8.5977,5.9516,-0.6587,7.9449,6.6883,0.5882,6.5669,6.6843,1.0921,6.4497,6.767,0.711,5.1893,6.7424,0.1411,5.3843,6.483,1.5806,6.2661,6.0766,2.2315,6.1198
,6.1155,-1.1229,7.1938,6.327,-1.1923,5.9743,6.618,-0.9723,4.0029,6.7305,-0.3641,3.6615,6.7857,-0.8524,1.3796,6.5968,-1.5724,1.9217,6.4997,-1.4555,4.2535,6.6348,-0.3691,5.5753,6.4945,-2.1486,2.2226,6.4316,-2.6507,2.4261,4.1692,-7.2827,2.3177,4.7158,-6.7459,2.0251,4.2605,-8.4696,0.3368,3.703,-8.9379,0.6576,3.6802,-7.7524,2.5857,0,-9.6835,3.4631,0.5164,-9.6559,3.4123
,1.0695,-9.5408,3.3246,1.0781,-11.0827,1.4844,0.5164,-11.2541,1.5809,0,-11.3176,1.642,2.5926,-8.7107,3.1078,2.8709,-8.4106,2.9769,2.8794,-9.746,1.1234,2.6268,-10.1327,1.2833,2.2523,-9.0093,3.2019,3.2404,-8.1097,2.8041,3.2404,-9.3555,0.9173,1.6964,-9.3056,3.2643,2.3035,-10.4975,1.3907,1.7306,-10.8223,1.4394,4.7086,-2.4058,9.7278,4.5091,-1.7803,10.2937,4.1413,-1.6791,10.8448
,4.3694,-1.084,10.8056,5.0079,-3.1331,8.4508,4.8751,-2.8196,9.1293,5.1064,-3.4578,7.6452,5.1851,-3.8752,6.6438,5.3108,-5.2359,3.7676,5.2581,-4.4666,5.3779,5.8292,-4.6874,3.5403,6.4445,-3.3834,-0.1739,6.4927,-2.7441,-0.3689,6.649,-2.0563,-0.7068,6.8248,-2.243,-2.6062,6.6315,-2.8771,-2.9348,5.3284,-6.187,1.733,5.8531,-5.6474,1.4076,5.5438,-7.3326,-0.4009,4.8838,-7.9386,-0.0233
,6.1362,-5.1683,1.0153,6.2774,-4.6633,0.5911,6.5442,-6.2898,-1.2232,6.1331,-6.7502,-0.7996,6.3765,-4.0457,0.1704,6.6603,-5.0236,-2.3011,6.7342,-5.7735,-1.7107,7.0412,-1.2485,-1.4803,7.2208,-1.657,-3.9069,7.2313,-0.7424,-6.6243,6.786,-2.776,-5.4552,7.0478,-2.1823,-4.889,6.545,-3.9262,-3.2243,6.7798,-4.9252,-5.2687,6.6987,-3.3893,-6.6339,6.7966,-1.2495,-7.1873,6.5682,-1.6133,-8.1181
,11.7481,-1.3197,-9.4089,13.4853,-3.5593,-8.0026,8.1045,-6.8497,-3.4189,7.5118,-6.05,-4.1871,14.358,-5.5141,-6.7276,15.338,-6.8953,-5.793,0.5164,-13.1829,-0.6775,1.0896,-12.944,-0.7831,1.3506,-14.8734,-3.1608,0.6557,-15.1764,-2.9591,0,-13.2935,-0.6045,5.3878,-9.439,-1.93,6.1901,-8.6856,-2.3091,6.973,-7.9497,-2.6958,8.7867,-10.0955,-4.3963,7.1229,-10.9179,-4.0771,1.7766,-12.6702,-0.8078
,2.3726,-12.3481,-0.8419,2.7855,-14.2389,-3.3374,2.1239,-14.5742,-3.2564,3.2404,-11.0467,-1.2951,3.7715,-10.5407,-1.4531,4.5915,-12.1758,-3.7928,3.8751,-12.7754,-3.7323,2.8909,-11.5284,-1.1471,7.768,-7.4103,-2.9938,13.4711,-8.5923,-4.9055,10.8496,-9.2694,-4.7168,2.6728,-11.9648,-0.9755,3.4324,-13.3403,-3.6524,3.1454,-13.8279,-3.4951,4.5344,-10.0311,-1.6547,5.6993,-11.584,-3.8918,6.1847,0.6084,-8.8551
,5.6884,0.2313,-9.5563,4.8346,2.1584,-10.107,4.1933,1.617,-10.5923,8.1744,0.9161,-10.738,2.5944,-4.5147,9.2526,2.1195,-4.7292,9.2816,1.904,-4.4815,9.8567,2.4024,-4.2544,9.842,0.3898,-5.3682,9.6617,0,-5.7718,9.0242,0,-5.3971,9.7244,0.3191,-5.0844,10.2367,0.6601,-4.9938,10.1184,3.1138,-4.2462,9.2875,2.9924,-3.9481,9.9197,2.2696,-4.0397,10.4209,1.764,-4.3042,10.4388
,1.3507,-4.4739,10.5087,1.6873,-3.9202,11.0543,1.0161,-4.6081,10.5965,0.7045,-4.7138,10.7005,1.0412,-4.1722,11.1944,1.2995,-4.0744,11.1199,2.8813,-3.6213,10.4892,2.1957,-3.6349,11.0218,2.8155,-3.144,11.0461,0.3604,-4.7985,10.8188,0,-5.1153,10.2995,0,-4.8356,10.8815,0.4239,-4.3285,11.398,0.7901,-4.2461,11.2848,1.6617,-3.0526,11.73,1.2761,-3.2005,11.7822,1.1383,-2.0899,12.3616
,1.5233,-2.0109,12.3133,2.1801,-2.8044,11.6772,4.3825,-0.4578,11.2421,4.1652,-0.9828,11.3138,3.7804,-0.3812,11.7934,4.0768,0.0221,11.6616,4.5238,0.0461,11.1822,1.0245,-3.3101,11.8168,0.781,-3.4008,11.8666,0.6623,-2.319,12.3693,0.914,-2.2697,12.3456,2.8301,-2.3942,11.6407,1.9635,-1.7782,12.2643,2.6308,-1.5565,12.17,3.449,-1.914,11.5783,0.4199,-3.4922,11.9645,0,-3.538,12.0255
,0.3598,-2.4739,12.4313,4.4148,1.2889,10.9807,4.5561,0.845,10.9987,4.0429,1.2033,11.6113,3.8593,1.6244,11.6427,3.874,-1.4559,11.4476,3.1457,-1.1776,12.0819,3.6095,-0.8203,11.9132,4.587,0.4555,11.0835,4.1115,0.4349,11.6292,4.2426,0.8297,11.5672,2.0894,1.9211,12.3287,2.1251,1.5639,12.3545,1.5179,1.9321,12.4599,0.6579,-1.2993,12.6624,0.4193,-1.1414,12.716,0.7437,-0.9806,12.7238
,1.3696,2.3616,12.3611,0.9016,2.3486,12.4307,2.9812,0.2795,12.1221,2.4724,0.0614,12.3195,2.6883,0.5671,12.2016,0.2548,-1.4579,12.7112,0,-2.4509,12.4952,0,-1.2274,12.7874,0.2419,3.2041,12.3545,0.4271,2.7134,12.4492,0,2.9413,12.4396,1.1078,-1.1049,12.6519,1.2864,-0.7862,12.6604,2.7556,1.4451,12.1686,2.6157,1.0803,12.2264,2.641,-0.3134,12.3224,2.055,-0.4442,12.5178
,0.7406,2.8221,12.344,1.9233,-0.815,12.5308,3.0958,0.8587,12.0674,2.6307,2.7612,-10.5917,2.2169,2.0162,-10.8697,0,2.8258,-10.6421,0,1.9691,-10.8188,1.8412,3.0931,-11.7879,4.3452,2.5773,-11.6457,3.9346,3.754,3.7539,4.0762,3.9511,3.8901,3.9093,3.9478,3.7978,4.0369,4.1388,3.9475,3.8758,4.1357,3.8584,3.7067,4.1323,3.7854,3.7341,3.9443,3.7222,3.16,1.3076,5.7645
,3.1149,1.3066,5.7705,3.142,1.3104,5.8017,3.1203,1.3334,5.9429,3.161,1.335,5.9479,3.1989,1.335,5.9324,3.5241,1.5449,4.6792,3.5132,1.4586,4.8778,3.6063,1.5465,4.7247,3.5973,1.6497,4.5259,3.4378,1.5432,4.642,3.3764,1.4559,4.8106,3.4464,1.4573,4.8408,3.3134,1.3382,5.8958,3.3497,1.3857,6.0754,3.4011,1.3869,6.0488,3.4939,1.456,6.2113,3.4497,1.3879,6.0174
,4.6215,2.7721,6.7216,4.4532,2.5798,6.8212,4.4984,2.7693,6.8673,4.656,2.9671,6.7514,4.7298,2.7746,6.5645,4.6766,2.5849,6.5289,4.5721,2.5825,6.6805,3.3042,1.3107,5.6607,3.2766,1.3101,5.6969,3.3177,1.3142,5.6998,3.4021,1.3394,5.8146,3.4343,1.3409,5.7893,3.4503,1.3405,5.7516,4.0648,1.7784,4.6877,4.0161,1.6577,4.8799,4.1436,1.7799,4.7866,4.1729,1.9153,4.5903
,3.9767,1.7767,4.597,3.8699,1.655,4.7139,3.9471,1.6564,4.7933,2.9244,1.3302,5.9092,2.7949,1.3744,6.04,2.8456,1.3754,6.068,2.7615,1.4408,6.2367,2.8987,1.3764,6.091,4.2967,3.1627,3.9354,4.4324,2.967,4.0845,4.4482,3.1656,4.0634,4.2985,3.3629,3.9279,4.1334,3.1595,3.8227,4.1221,2.961,3.8472,4.2831,2.9642,3.9582,5.017,2.782,5.6645,4.9332,2.5913,5.843
,4.9956,2.7813,5.8541,5.0614,2.9773,5.6679,5.0198,2.7824,5.4738,4.9566,2.5924,5.4758,4.9539,2.5921,5.6599,3.1326,1.3358,5.1265,3.2003,1.3846,4.9566,3.1428,1.3834,4.9501,3.1533,1.4514,4.7629,3.085,1.3822,4.9492,4.8726,2.4093,5.6542,4.7553,2.2347,5.8121,4.8528,2.4086,5.8289,4.8752,2.4096,5.4784,4.7763,2.2357,5.4817,4.7739,2.2354,5.6474,3.1443,1.308,5.3094
,3.1882,1.3089,5.3211,3.175,1.312,5.2819,3.2481,1.3373,5.1596,3.2124,1.3374,5.1395,3.1715,1.3358,5.1392,3.2974,4.1177,7.4037,3.1072,4.295,7.3342,3.2823,4.2987,7.3195,3.1001,4.467,7.2321,3.2652,4.4704,7.2182,3.4282,4.4738,7.1883,3.4552,4.3023,7.2877,3.5453,2.385,3.8088,3.6804,2.2157,3.958,3.7128,2.3884,3.8623,3.5635,2.5667,3.7267,3.3734,2.3815,3.772
,3.3604,2.2092,3.8729,3.5225,2.2125,3.9076,3.4769,1.3419,5.7205,3.6066,1.3914,5.8491,3.6346,1.3921,5.7985,3.8017,1.4629,5.8813,3.6576,1.3927,5.7454,2.9407,3.1286,7.5593,2.7524,2.9266,7.5078,2.7436,3.1246,7.537,2.936,3.3286,7.5694,3.1391,3.1327,7.5622,3.1422,2.9346,7.5327,2.9467,2.9305,7.5298,3.1257,1.381,6.128,3.1834,1.3822,6.1232,3.2069,1.4499,6.3094
,3.2403,1.3834,6.1127,1.3897,2.3366,6.1193,1.4444,2.1662,5.9266,1.3411,2.3359,5.9504,1.3053,2.516,6.1472,1.4546,2.3377,6.2827,1.5514,2.1679,6.24,1.4902,2.1669,6.0859,4.9557,2.7801,6.0407,4.8387,2.5888,6.1986,4.8977,2.7786,6.2224,4.9985,2.9754,6.0535,4.8947,2.5902,6.0231,3.5313,4.1288,3.7294,3.6731,4.3126,3.8655,3.5056,4.3092,3.8121,3.6336,4.4835,3.9618
,3.4757,4.4803,3.9114,3.3137,4.477,3.8767,3.3337,4.3057,3.7753,4.2543,1.7799,6.1072,4.0595,1.6565,6.1333,4.1931,1.7785,6.2179,4.3841,1.917,6.1725,4.3044,1.7811,5.9911,4.1569,1.6588,5.9347,4.1131,1.6577,6.0364,3.0255,1.3048,5.7559,2.9847,1.304,5.7359,2.9899,1.3073,5.7769,2.8934,1.3288,5.8825,2.9645,1.3302,5.9175,3.4635,1.3423,5.3314,3.642,1.3931,5.2943
,3.6154,1.3926,5.2428,3.7764,1.4636,5.1488,3.584,1.3921,5.1942,2.5207,1.5214,6.2997,2.5737,1.4372,6.1072,2.449,1.5201,6.2391,2.4148,1.622,6.4358,2.5981,1.523,6.3531,2.6947,1.4395,6.1997,2.6319,1.4383,6.1564,2.1961,1.5155,5.8484,2.3473,1.4332,5.7167,2.1701,1.5151,5.7581,2.0322,1.615,5.9038,2.2308,1.5161,5.9357,2.3965,1.4339,5.8609,2.3684,1.4335,5.79
,1.5581,4.0869,4.4034,1.7355,4.2719,4.3212,1.622,4.2693,4.4555,1.8069,4.4451,4.3914,1.6999,4.4427,4.518,1.6058,4.4405,4.6545,1.5223,4.267,4.6002,1.5615,3.6998,6.8591,1.475,3.8927,6.6782,1.5939,3.8949,6.8274,1.5256,4.0825,6.6393,1.6404,4.0846,6.7834,1.7687,4.087,6.9155,1.7268,3.8974,6.9643,1.4513,3.3035,4.3081,1.583,3.5066,4.1629,1.455,3.5037,4.3144
,1.6003,3.7051,4.1832,1.4741,3.7023,4.3325,1.3631,3.6997,4.4935,1.3424,3.5011,4.4778,2.1785,3.1132,7.3565,2.0244,2.912,7.2353,2.005,3.1098,7.2605,2.1701,3.3132,7.3657,2.3607,3.1168,7.4351,2.375,2.919,7.4074,2.1955,2.9154,7.3299,3.2291,1.3097,5.3411,3.2652,1.3104,5.3688,3.268,1.3138,5.3276,3.3823,1.3399,5.2427,3.357,1.3403,5.2105,3.3193,1.3387,5.1946
,2.5497,3.1206,7.4955,2.543,3.3206,7.5053,2.5613,2.9227,7.4669,1.5331,2.7124,4.3603,1.7091,2.5275,4.26,1.6562,2.7152,4.2146,1.4905,2.9059,4.3312,1.4248,2.7099,4.5173,1.4857,2.5224,4.5524,1.5903,2.5248,4.4007,1.5353,2.3391,6.439,1.4578,2.5186,6.4821,1.6308,2.3408,6.5866,1.7175,2.1708,6.5265,1.6274,2.1692,6.3873,1.1563,3.0941,6.195,1.134,2.8957,5.9973
,1.1015,3.0933,6.0043,1.1429,3.2939,6.1985,1.2295,3.0953,6.3794,1.2602,2.8977,6.3669,1.1881,2.8965,6.1852,2.9485,1.3033,5.7082,2.9185,1.3027,5.6741,2.9076,1.3057,5.7139,2.778,1.3266,5.7748,2.7964,1.3277,5.8114,2.8304,1.3276,5.8344,2.9729,1.3325,5.1478,2.9704,1.3798,4.9645,2.9148,1.3786,4.9805,2.8527,1.4451,4.803,2.861,1.3775,5.0019,3.2882,1.3389,5.1679
,3.4158,1.3889,5.0373,3.3651,1.3879,5.0092,3.312,1.3868,4.9863,1.0656,3.0929,5.8092,1.0823,2.8953,5.6101,1.049,3.0929,5.6115,1.0518,3.2927,5.798,1.0878,3.2931,6.0037,1.0987,2.8953,5.805,3.4953,2.0508,4.0221,3.5982,1.9042,4.1941,3.6421,2.0538,4.069,3.3446,2.0478,3.9898,3.3261,1.8987,4.1217,3.464,1.9015,4.1512,1.1889,4.077,5.7788,1.255,4.2598,5.6055
,1.2697,4.2598,5.7807,1.3538,4.4337,5.6022,1.3677,4.4337,5.7674,1.3976,4.434,5.9305,1.3014,4.2601,5.9536,1.2222,4.0773,5.9696,1.0519,3.0933,5.4131,1.1071,2.8965,5.2203,1.0742,3.094,5.2159,1.038,3.2931,5.3999,1.0351,3.2927,5.5929,1.0852,2.8957,5.4146,2.8749,1.302,5.5465,2.8778,1.3022,5.5011,2.8419,1.3047,5.5216,2.7071,1.3256,5.4734,2.6943,1.3261,5.5123
,2.7021,1.3254,5.5525,3.4288,1.766,4.2938,3.4956,1.6476,4.482,3.5492,1.7684,4.3322,3.3051,1.7634,4.2673,3.2818,1.6433,4.4251,3.3901,1.6455,4.4483,3.2569,1.3857,4.9687,3.3037,1.4545,4.7874,2.5234,1.3698,5.4436,2.5169,1.3695,5.5011,2.3282,1.4332,5.4893,2.5161,1.3694,5.559,2.0552,3.1167,3.7925,2.2477,2.9226,3.7278,2.2315,3.1205,3.7015,2.0462,3.3167,3.7844
,1.8887,3.1131,3.9003,1.9099,2.9153,3.9237,2.074,2.9188,3.8175,2.3042,2.026,4.1812,2.4996,1.8814,4.2321,2.4411,2.0289,4.1105,2.2413,2.1858,4.0787,2.1748,2.0232,4.2649,2.2561,1.8762,4.3733,2.3744,1.8787,4.2967,3.7858,4.4865,4.0275,3.865,4.6488,4.209,3.7302,4.6461,4.1344,3.6684,4.794,4.2543,3.5389,4.7912,4.1985,3.5887,4.6433,4.0733,3.7836,2.0566,4.13
,3.851,1.9092,4.3182,3.9184,2.0592,4.2046,3.8326,2.2187,4.0237,3.7277,1.9067,4.2499,4.5864,3.1682,4.2058,4.6904,2.9719,4.3777,4.7101,3.1705,4.3609,4.5897,3.3684,4.1996,4.5686,2.9696,4.2247,4.5522,3.7659,4.2261,4.6307,3.9616,4.4076,4.5118,3.9594,4.2584,4.5723,4.149,4.4472,4.4575,4.1469,4.3031,4.3292,4.1445,4.171,4.3789,3.9569,4.1216,3.5689,3.7467,3.617
,3.5524,3.9406,3.6642,3.3512,4.1251,3.6908,3.3659,3.9369,3.6242,3.3328,1.3116,5.4854,3.3389,1.3116,5.5305,3.3699,1.3156,5.5034,3.5106,1.3421,5.5246,3.5155,1.3431,5.4839,3.5001,1.342,5.446,3.96,3.3562,3.7182,4.1252,3.5596,3.8234,3.9516,3.5562,3.7274,4.1057,3.7574,3.8486,3.7551,3.7504,3.6765,3.7694,3.5526,3.6488,5.0783,3.3767,5.2731,5.0811,3.5765,5.4724
,5.0645,3.5765,5.2747,5.0478,3.7741,5.4738,5.0314,3.7741,5.2789,4.9961,3.7737,5.0866,5.0286,3.5761,5.0796,4.0831,3.1526,7.2907,3.8988,2.9505,7.3547,3.9069,3.1488,7.3817,4.0839,3.3527,7.2995,4.2497,3.1562,7.1829,4.2367,2.9578,7.1588,4.0726,2.9542,7.265,3.5183,1.343,5.5648,3.6873,1.3935,5.6336,3.6938,1.3937,5.5761,3.8797,1.465,5.5882,3.6946,1.3938,5.5183
,3.163,1.5376,4.5832,3.2291,1.453,4.7714,3.2564,1.5395,4.5937,3.1718,1.6411,4.4127,3.0691,1.5357,4.5818,3.0771,1.4498,4.7617,3.5768,2.7557,3.6622,3.7389,2.5702,3.7827,3.7586,2.7594,3.7202,3.5853,2.9503,3.6157,3.3903,2.7519,3.6222,3.3834,2.563,3.6882,3.2238,1.3129,5.3002,4.3748,1.7836,5.3687,4.2279,1.661,5.5001,4.3854,1.7837,5.4947,4.5184,1.9212,5.3494
,4.352,1.7834,5.2443,4.1986,1.6608,5.2808,4.2186,1.661,5.3897,4.648,2.0724,5.3319,4.5302,1.9212,5.4899,4.6609,2.0724,5.4855,4.7624,2.2357,5.3165,4.6202,2.0721,5.1803,4.493,1.9209,5.2107,3.1976,3.1407,3.5239,3.3941,2.9465,3.5747,3.3947,3.1447,3.5462,3.1941,3.3408,3.5145,2.9993,3.1366,3.521,3.0044,2.9385,3.5499,3.1999,2.9425,3.5527,2.8181,4.4668,3.8695
,2.984,4.631,3.9746,2.8305,4.6278,3.9875,2.9856,4.7793,4.1087,2.8452,4.7764,4.1205,2.7065,4.7735,4.1459,2.679,4.6246,4.0154,3.5141,1.7635,6.7589,3.3584,1.6411,6.6378,3.3925,1.761,6.7939,3.559,1.8988,6.899,3.6316,1.766,6.7122,3.5677,1.6456,6.5663,3.4648,1.6434,6.6072,4.8604,2.4096,5.3032,4.9412,2.5924,5.2922,4.8287,2.4093,5.1303,4.7325,2.2354,5.1534
,5.0039,2.7824,5.2837,5.0479,2.9777,5.2776,4.9694,2.782,5.096,4.9079,2.5921,5.1111,3.0517,1.3341,5.1292,3.0273,1.381,4.9541,3.0011,1.4483,4.7681,4.1213,1.7768,6.322,3.9251,1.6534,6.3091,4.0397,1.775,6.4186,4.2359,1.9136,6.4119,3.9966,1.655,6.2245,4.0275,1.5534,5.7851,3.8319,1.4636,5.8113,3.9989,1.5527,5.8746,4.1906,1.6597,5.8292,4.0472,1.554,5.6932
,3.8711,1.4647,5.664,3.8551,1.4642,5.7386,5.0226,3.1741,6.0613,4.939,2.9738,6.2397,4.9623,3.1725,6.2503,5.028,3.3743,6.0642,5.0642,3.1753,5.8673,5.0394,2.9765,5.8622,4.8221,2.7768,6.3976,4.8616,2.9719,6.4193,4.7657,2.587,6.3677,4.3429,1.7821,5.8706,4.4828,1.9195,5.9088,4.3693,1.7829,5.7469,4.2138,1.6603,5.7209,3.3243,1.3112,5.6199,3.3451,1.3148,5.6555
,3.4852,1.3413,5.6804,3.5364,1.3898,5.941,3.5738,1.3907,5.8968,3.7215,1.461,6.0109,4.4048,3.1596,7.0592,4.4071,3.3598,7.0669,4.5471,3.1628,6.921,4.5298,2.9643,6.9007,4.3896,2.9611,7.0369,4.8837,3.1706,6.4325,4.767,2.9697,6.5904,4.7877,3.1683,6.6061,4.8884,3.3708,6.4372,3.336,1.3115,5.5759,3.3717,1.3156,5.5554,3.5056,1.3419,5.6037,4.6751,3.1657,6.7694
,4.6788,3.3659,6.7757,4.6396,3.7635,6.7527,4.4739,3.9542,6.8693,4.5971,3.957,6.7236,4.421,4.1419,6.8238,4.5398,4.1446,6.6831,4.6444,4.147,6.5315,4.7053,3.9595,6.5665,3.9617,1.5517,5.9609,3.7648,1.462,5.9481,3.9162,1.5507,6.0431,4.7795,3.5684,6.6068,4.8755,3.5707,6.4332,4.7505,3.766,6.5917,4.8452,3.7683,6.4206,4.9226,3.7702,6.2411,4.9541,3.5726,6.251
,4.5388,3.5629,6.9217,4.6669,3.5658,6.7701,4.5134,3.7606,6.9021,4.7977,3.9617,6.3996,4.7335,4.1491,6.3703,4.8065,4.1509,6.2012,4.8732,3.9636,6.2244,4.3392,2.064,6.4935,4.1449,1.9115,6.5196,4.2397,2.0618,6.6112,4.4302,2.2267,6.5659,4.4267,2.0661,6.3666,4.3159,1.9154,6.2959,3.2424,1.3093,5.727,3.2031,1.3085,5.7498,3.24,1.3125,5.7682,3.274,1.3366,5.9068
,3.3426,1.3381,5.867,4.5081,2.4001,6.6284,4.3232,2.2243,6.6925,4.3946,2.3975,6.7627,4.6079,2.4024,6.4837,4.5243,2.2289,6.4294,4.0523,2.7595,7.2228,3.8588,2.5668,7.2489,3.8828,2.7559,7.3103,4.2124,2.763,7.1191,4.1771,2.5737,7.0643,4.0225,2.5703,7.1644,3.7348,1.5466,6.2578,3.5579,1.4574,6.1699,3.6614,1.5449,6.3163,3.8457,1.6516,6.3863,3.8022,1.5481,6.1923
,3.6723,1.4599,6.0692,3.6175,1.4587,6.1223,3.8629,1.5494,6.1205,4.3616,2.7663,7.0002,4.3211,2.5768,6.9495,4.6587,2.0721,5.6396,4.5123,1.9204,5.7709,4.6414,2.0715,5.7927,4.5282,1.9209,5.6308,3.949,1.7729,6.5067,3.7591,1.6497,6.4553,3.8501,1.7708,6.5855,4.0438,1.9093,6.6178,4.0561,3.7506,7.2664,3.8583,3.9408,7.3123,4.0278,3.9444,7.2248,3.8266,4.1289,7.2515
,3.9903,4.1324,7.167,4.1449,4.1358,7.0669,4.1879,3.9479,7.1211,4.1292,2.0593,6.7186,3.9336,1.9068,6.7057,4.0087,2.0567,6.8146,4.2044,2.2217,6.808,4.2414,3.5563,7.1835,4.3965,3.5597,7.0599,4.2203,3.7541,7.1601,4.3731,3.7575,7.0383,3.5825,1.5432,6.3674,3.4261,1.4545,6.2463,3.499,1.5414,6.4105,3.6661,1.6477,6.5155,3.2822,1.3134,5.7378,3.3791,1.3397,5.8485
,3.2682,1.7584,6.8167,3.1391,1.6366,6.6671,3.1422,1.7558,6.8273,3.285,1.893,6.9634,3.2494,1.6389,6.6578,4.3371,3.9512,7.0022,4.2889,4.1389,6.9522,3.3368,3.1368,7.5456,3.3339,3.3368,7.5557,3.5319,3.1409,7.5098,3.5293,2.9426,7.481,3.337,2.9386,7.5163,3.4949,1.3889,5.9813,3.1308,3.5328,7.5629,3.3285,3.5369,7.5463,3.1257,3.7309,7.534,3.3206,3.735,7.5176
,3.5128,3.739,7.4823,3.5236,3.541,7.5104,3.0695,1.3057,5.7676,3.0386,1.3083,5.7951,3.0002,1.3317,5.9376,3.0412,1.3317,5.9379,3.2996,2.0416,7.0964,3.1445,1.8901,6.9752,3.1461,2.0384,7.1093,3.312,2.2026,7.2144,3.4512,2.0448,7.0685,3.4236,1.8959,6.9379,4.2685,2.3947,6.8852,4.0747,2.2188,6.9113,4.131,2.3917,6.9948,3.0926,4.6279,7.1136,3.2462,4.6311,7.1007
,3.085,4.7765,6.9801,3.2254,4.7794,6.9683,3.364,4.7823,6.9428,3.3977,4.6343,7.0729,2.6882,2.029,7.0574,2.5914,1.8788,6.8849,2.5414,2.0261,7.0105,2.6544,2.1891,7.1725,2.8389,2.0321,7.0897,2.8635,1.8843,6.9573,2.7257,1.8815,6.9278,3.2289,1.5357,6.4881,3.1308,1.4483,6.3158,3.1353,1.5338,6.496,3.3213,1.5377,6.4712,3.2819,1.4515,6.2956,3.3346,2.7443,7.4679
,3.1461,2.5518,7.4165,3.1445,2.7403,7.4839,3.5222,2.7482,7.4335,3.5107,2.5594,7.3678,3.3296,2.5556,7.4011,2.1791,3.7117,7.3313,2.0295,3.9033,7.1958,2.1964,3.9065,7.2881,2.061,4.0927,7.139,2.2221,4.0958,7.2282,2.3912,4.0992,7.3011,2.3716,3.91,7.3637,2.2975,4.4507,7.0602,2.2117,4.6102,6.8793,2.3465,4.6128,6.9539,2.2791,4.7602,6.7657,2.4025,4.7627,6.8339
,2.5319,4.7652,6.8898,2.488,4.6156,7.0149,2.5777,2.7288,7.4197,2.4234,2.5371,7.2985,2.396,2.7251,7.3617,2.7642,2.7325,7.4597,2.7789,2.5443,7.3931,2.5989,2.5406,7.3545,3.1201,3.9253,7.4859,3.3101,3.9292,7.4699,3.1138,4.1139,7.4191,3.4785,4.1215,7.3704,3.4977,3.9331,7.4355,3.0989,1.3071,5.3065,3.1237,1.3109,5.2735,3.0923,1.3341,5.1342,3.09,1.3093,5.8035
,3.0801,1.3333,5.9507,2.6245,2.3602,7.2718,2.4965,2.1859,7.1221,2.457,2.3568,7.2183,2.7964,2.3637,7.3086,2.8164,2.1924,7.2072,3.322,2.3745,7.3162,3.1469,2.1991,7.2282,3.1469,2.3708,7.3309,3.4949,2.3781,7.2845,3.475,2.206,7.1844,2.3524,3.5169,7.4358,2.5414,3.5207,7.4961,2.3586,3.7153,7.4088,2.5448,3.7191,7.4682,2.736,3.7229,7.5092,2.7354,3.5247,7.5377
,2.5533,3.9137,7.4217,2.5666,4.1027,7.3571,2.7467,4.1064,7.3957,2.7398,3.9175,7.4617,1.9967,3.5099,7.2612,2.1703,3.5133,7.3572,2.008,3.7084,7.2366,2.8561,1.5281,6.4644,2.8315,1.4422,6.2669,2.7666,1.5263,6.4358,2.81,1.6299,6.6298,2.948,1.5299,6.4841,2.9788,1.4452,6.3061,2.9042,1.4437,6.2901,2.9538,1.3775,6.1086,3.0104,1.3787,6.1207,2.4,2.0233,6.9495
,2.3387,1.8738,6.7608,2.2651,2.0206,6.8749,2.3443,2.1829,7.0564,2.462,1.8763,6.8291,1.5911,4.265,6.5899,1.7006,4.2671,6.7274,1.6707,4.4387,6.5303,1.774,4.4406,6.66,1.8895,4.4428,6.7789,1.8231,4.2694,6.8535,2.3151,1.7391,6.5632,2.3302,1.6204,6.3643,2.2185,1.7373,6.4816,2.2226,1.8716,6.6808,2.4192,1.7412,6.635,2.5059,1.6238,6.4987,1.5404,3.301,6.8843
,1.4201,3.4989,6.7229,1.5437,3.5012,6.8781,1.4397,3.6975,6.7062,1.6977,3.7024,6.9994,1.6819,3.5038,7.0205,2.1021,4.2748,7.0668,2.2559,4.2778,7.1519,2.1525,4.4478,6.98,2.4497,4.4537,7.1259,2.4173,4.281,7.2216,2.5848,4.2844,7.275,2.6076,4.4569,7.1763,2.7697,4.4602,7.211,2.7567,4.2879,7.3119,1.9094,4.0897,7.0344,1.9574,4.272,6.967,2.0161,4.4452,6.8859
,1.8316,3.3065,7.156,1.8334,3.5067,7.1485,1.8471,3.7052,7.1256,1.6183,2.71,6.8254,1.5578,2.5204,6.6367,1.4995,2.7078,6.6762,1.578,2.9034,6.8578,1.7512,2.7125,6.9623,1.8009,2.5249,6.9129,1.6726,2.5225,6.7808,2.6661,4.7679,6.9327,2.5809,4.901,6.7517,2.7013,4.9034,6.7901,2.6345,5.0218,6.6019,2.74,5.0239,6.6356,2.8483,5.0261,6.6588,2.825,4.906,6.8166
,2.8956,1.3023,5.6347,2.8772,1.3052,5.6717,2.7382,1.3259,5.7062,2.7492,1.3269,5.7457,2.8556,1.3288,5.8666,2.7031,1.3726,5.9698,2.7473,1.3734,6.0072,2.1304,1.7356,6.3908,2.184,1.6177,6.1982,2.0516,1.7342,6.2919,2.0168,1.8677,6.4887,2.253,1.6189,6.2848,2.1631,4.758,6.6857,2.1534,4.8927,6.4869,2.25,4.8945,6.5685,2.2602,5.0144,6.37,2.3448,5.0161,6.4415
,2.4359,5.0178,6.5044,2.3541,4.8965,6.6403,3.6898,1.3938,5.4606,3.8744,1.4651,5.4359,3.6793,1.3937,5.4037,1.9572,4.754,6.4935,1.9865,4.8895,6.2972,2.0653,4.891,6.3962,2.114,5.0117,6.2039,2.183,5.013,6.2906,2.6803,1.5246,6.3986,2.6029,1.6257,6.5523,1.9132,2.0139,6.5774,1.9289,1.866,6.3784,1.8172,2.0121,6.4568,1.8208,2.1727,6.6561,2.0206,2.0159,6.6879
,2.115,1.8695,6.5898,1.9971,2.3477,6.9637,1.9363,2.1749,6.775,1.8628,2.3452,6.8503,1.9416,2.5276,7.0318,2.1418,2.3506,7.0636,2.1993,2.18,6.9761,2.0628,2.1774,6.882,2.7664,1.7481,6.7848,2.7045,1.6277,6.5962,2.646,1.7457,6.7463,2.8901,1.7506,6.8113,2.9183,1.632,6.653,3.7007,3.743,7.4282,3.681,3.937,7.3827,3.6555,4.1253,7.3195,2.3835,1.5188,6.1716
,2.473,1.4353,5.9928,2.3249,1.5177,6.0981,2.5205,1.4362,6.0524,1.7403,2.3429,6.7241,2.6267,1.3712,5.883,2.6628,1.3718,5.9283,1.3958,2.7059,6.5161,1.3733,2.5171,6.3184,1.3083,2.7044,6.3465,1.3499,2.8993,6.5407,1.7638,4.6016,6.4612,1.8598,4.6034,6.5817,1.8694,4.7524,6.3833,2.0554,4.7559,6.5947,1.9672,4.6054,6.6923,1.3205,3.0969,6.5557,1.3079,3.2967,6.561
,1.4283,3.0988,6.7223,1.4561,2.9012,6.7049,1.7928,4.751,6.2649,1.8598,4.8873,6.0787,1.9178,4.8883,6.1911,2.003,5.0097,6.0125,2.0538,5.0106,6.1109,2.2209,2.7216,7.2861,2.0932,2.5306,7.1364,2.054,2.7183,7.1938,2.2543,2.5337,7.2255,2.8809,1.3021,5.5916,2.8556,1.3048,5.6243,2.7126,1.3255,5.6312,2.7156,1.3263,5.672,1.9829,1.7329,6.1857,2.0731,1.6157,6.0068
,1.9249,1.7319,6.0733,1.8523,1.8647,6.26,2.1238,1.6166,6.1052,1.2731,4.0781,6.1498,1.35,4.2609,6.1226,1.4435,4.4347,6.0898,1.5046,4.4357,6.2438,1.4149,4.2619,6.286,1.5807,4.437,6.3911,1.6094,4.5989,6.1949,1.6801,4.6001,6.3318,1.7282,4.7499,6.1397,1.2379,2.7032,6.1692,1.2544,2.5152,5.9702,1.1852,2.7025,5.9859,3.7055,2.7521,7.3807,3.7171,2.9466,7.4269
,3.6877,2.5632,7.3168,2.5687,1.3701,5.783,2.5953,1.3706,5.8344,2.4315,1.4345,5.9287,1.2213,3.4954,6.3801,1.3123,3.497,6.5564,1.2438,3.6941,6.3683,1.3335,3.6956,6.542,1.4256,4.0807,6.4847,1.4956,4.2633,6.4422,1.2839,3.8893,6.3485,1.3714,3.8908,6.5181,1.3411,4.0792,6.321,5.0728,3.1764,5.274,5.0642,2.9777,5.4724,5.0894,3.1764,5.4718,5.0369,3.176,5.0789
